 JV EDIT-Request send:
 00013873   2  --     B0    00    50    1  ---  CC: Bank MSB        
 00013880   2  --     B0    20    00    1  ---  CC: Bank LSB        
 00013882   2  --     C0    00    --    1  ---  PC: Acc. Grand Piano   
 SYSX: F0 41 10 46 11 00 08 20 00 00 00 00 22 36 F7
 000151C4   2  --     F0  Buffer:    15 Bytes   System Exclusive    
 SYSX: F0 41 10 46 11 00 08 28 00 00 00 00 75 5B F7
 00015256   2  --     F0  Buffer:    15 Bytes   System Exclusive    
 SYSX: F0 41 10 46 11 00 08 29 00 00 00 00 75 5A F7
 000152B4   2  --     F0  Buffer:    15 Bytes   System Exclusive    
 SYSX: F0 41 10 46 11 00 08 2A 00 00 00 00 75 59 F7
 0001533F   2  --     F0  Buffer:    15 Bytes   System Exclusive    
 SYSX: F0 41 10 46 11 00 08 2B 00 00 00 00 75 58 F7

JV-90 answer:
SYSX: F0 41 10 46 12 00 08 20 00 43 72 79 73 74 61 6C 20 56 6F 78 20 00 04 7F 55 00 01 7F 7D 0B 63 01 08 6A 40 3E 02 00 00 00 01 00 32 10 F7
SYSX: F0 41 10 46 12 00 08 28 00 00 04 0F 01 00 00 00 7F 01 01 05 44 00 40 00 40 00 40 05 41 01 58 00 40 04 46 00 40 00 40 00 40 04 46 01 02 01 5A 01 00 00 15 42 40 42 05 02 01 3C 00 00 00 3C 45 7F 44 4C 40 00 06 40 07 07 07 4C 00 47 5B 3C 66 32 4A 40 01 50 00 00 05 00 4C 07 07 07 7F 00 7F 62 56 67 50 14 7F 68 07 08 00 07 00 00 00 00 60 04 07 07 2A 7F 4D 75 5F 78 50 00 7F 7F 00 00 55 F7
SYSX: F0 41 10 46 12 00 08 29 00 00 02 0B 01 00 00 00 7F 01 01 05 44 00 40 00 40 00 40 05 41 00 40 03 7F 04 4D 00 40 00 40 00 40 04 46 01 02 01 5C 01 00 00 15 47 56 4C 05 02 01 47 00 00 00 5A 4A 7B 4D 34 40 00 0C 40 07 07 07 40 00 40 00 40 00 40 00 40 01 4F 00 00 05 00 60 07 07 07 7F 00 7F 2B 56 43 19 14 7F 6A 07 00 00 07 00 00 0E 00 60 04 07 07 34 68 36 66 4A 6C 50 03 7F 7F 00 00 36 F7
SYSX: F0 41 10 46 12 00 08 2A 00 00 02 09 01 00 00 00 7F 01 01 00 40 00 40 00 40 00 40 00 40 00 40 03 6E 00 40 00 40 00 40 00 40 04 46 00 02 01 3C 00 00 00 00 40 40 40 05 02 00 3C 00 00 00 00 40 40 40 34 40 00 0C 40 07 07 07 40 00 40 00 40 00 40 00 40 01 7F 00 00 05 00 40 07 07 07 40 00 00 00 00 00 00 00 00 7F 07 07 0F 07 00 00 00 00 60 07 07 07 2A 6A 13 79 1A 7F 50 4A 7F 5A 00 00 11 F7
SYSX: F0 41 10 46 12 00 08 2B 00 00 02 0E 00 00 00 00 7F 01 01 00 40 00 40 00 40 00 40 00 40 00 40 03 7F 00 40 00 40 00 40 00 40 04 46 00 02 01 3C 00 00 00 00 40 40 40 05 02 00 3C 00 00 00 00 40 40 40 34 40 00 0C 40 07 07 07 40 00 40 00 40 00 40 00 40 01 7F 00 00 05 00 40 07 07 07 40 00 00 00 00 00 00 00 00 7F 07 04 00 07 00 00 00 00 60 07 07 07 36 6A 13 79 1A 7F 50 4A 7F 7F 00 00 5C F7

All Data captured with MIDI-OX Loopback
