Roland JV-880 CTRLR-Editor patch-dump request send out (fist: get patch, second: get tone-data:)
RAW:[f0 41 10 46 11 00 08 29 00 00 00 00 22 5e f7] 
RAW:[f0 41 10 46 11 00 08 20 03 00 07 00 01 75 f7]

Received patch-data (Crystal Vox) from JV-90 when do write procedure manually on the device:
RAW:[f0 41 10 46 12 00 08 20 00 43 72 79 73 74 61 6c 20 56 6f 78 20 00 04 7f 55 00 01 7f 7d 0b 63 01 08 6a 40 3e 02 00 00 00 01 00 32 10 f7]
RAW:[f0 41 10 46 12 00 08 28 00 00 04 0f 01 00 00 00 7f 01 01 05 44 00 40 00 40 00 40 05 41 01 58 00 40 04 46 00 40 00 40 00 40 04 46 01 02 01 5a 01 00 00 15 42 40 42 05 02 01 3c 00 00 00 3c 45 7f 44 4c 40 00 06 40 07 07 07 4c 00 47 5b 3c 66 32 4a 40 01 50 00 00 05 00 4c 07 07 07 7f 00 7f 62 56 67 50 14 7f 68 07 08 00 07 00 00 00 00 60 04 07 07 2a 7f 4d 75 5f 78 50 00 7f 7f 00 00 55 f7]
RAW:[f0 41 10 46 12 00 08 29 00 00 02 0b 01 00 00 00 7f 01 01 05 44 00 40 00 40 00 40 05 41 00 40 03 7f 04 4d 00 40 00 40 00 40 04 46 01 02 01 5c 01 00 00 15 47 56 4c 05 02 01 47 00 00 00 5a 4a 7b 4d 34 40 00 0c 40 07 07 07 40 00 40 00 40 00 40 00 40 01 4f 00 00 05 00 60 07 07 07 7f 00 7f 2b 56 43 19 14 7f 6a 07 00 00 07 00 00 0e 00 60 04 07 07 34 68 36 66 4a 6c 50 03 7f 7f 00 00 36 f7]
RAW:[f0 41 10 46 12 00 08 2a 00 00 02 09 01 00 00 00 7f 01 01 00 40 00 40 00 40 00 40 00 40 00 40 03 6e 00 40 00 40 00 40 00 40 04 46 00 02 01 3c 00 00 00 00 40 40 40 05 02 00 3c 00 00 00 00 40 40 40 34 40 00 0c 40 07 07 07 40 00 40 00 40 00 40 00 40 01 7f 00 00 05 00 40 07 07 07 40 00 00 00 00 00 00 00 00 7f 07 07 0f 07 00 00 00 00 60 07 07 07 2a 6a 13 79 1a 7f 50 4a 7f 5a 00 00 11 f7]
RAW:[f0 41 10 46 12 00 08 2b 00 00 02 0e 00 00 00 00 7f 01 01 00 40 00 40 00 40 00 40 00 40 00 40 03 7f 00 40 00 40 00 40 00 40 04 46 00 02 01 3c 00 00 00 00 40 40 40 05 02 00 3c 00 00 00 00 40 40 40 34 40 00 0c 40 07 07 07 40 00 40 00 40 00 40 00 40 01 7f 00 00 05 00 40 07 07 07 40 00 00 00 00 00 00 00 00 7f 07 04 00 07 00 00 00 00 60 07 07 07 36 6a 13 79 1a 7f 50 4a 7f 7f 00 00 5c f7]

Tone off/on for Tones 1 to 4 (works):
RAW:[f0 41 10 46 12 00 08 28 03 00 4d f7]
RAW:[f0 41 10 46 12 00 08 28 03 01 4c f7]
RAW:[f0 41 10 46 12 00 08 29 03 00 4c f7]
RAW:[f0 41 10 46 12 00 08 29 03 01 4b f7]
RAW:[f0 41 10 46 12 00 08 2a 03 00 4b f7]
RAW:[f0 41 10 46 12 00 08 2a 03 01 4a f7]
RAW:[f0 41 10 46 12 00 08 2b 03 00 4a f7]
RAW:[f0 41 10 46 12 00 08 2b 03 01 49 f7]





